7435	7840
9321	8589
642	7962
8329	3385
3001	3320
9259	7115
1920	1799
6132	9931
6244	3361
3244	590
2538	4096
1622	2355
2029	2720
2325	128
4163	9413
8032	2739
8469	8114
405	7989
5486	3904
8064	4405
7195	6553
472	7498
7050	8123
3601	1529
2906	3189
7534	8954
7975	1441
63	9783
7448	3565
5133	3957
7528	9132
6547	151
1477	6149
5667	845
8110	8371
2157	9168
3165	5590
6486	1404
8428	7956
704	4093
6008	5123
3979	374
3273	5909
1460	5105
9794	1279
7839	8904
6139	345
9899	3009
7451	5182
5865	9686
3123	2432
6832	670
9659	7366
3979	4358
7818	7046
6562	7585
5010	8299
6244	2273
4967	7521
9027	16
4392	4937
6701	6476
156	2149
359	396
5948	6367
4075	4976
2300	694
5153	7926
5286	8738
1332	1435
5949	1648
7685	4557
3114	8772
9549	7258
7500	8835
6533	1538
6609	3305
1389	938
7740	6653
2922	1205
7801	9084
1846	505
3478	8792
2092	1683
2412	7409
8234	5997
5069	4346
9780	9049
2241	4733
5976	6606
5528	3476
9813	2905
4694	4689
9607	6817
5987	8779
7411	53
9693	3918
7632	3797
8250	5610
401	3543
3180	5832
2373	5649
621	7461
838	517
5265	8575
8792	7745
658	1057
9763	667
1033	6669
6787	9906
7850	814
3508	7820
8970	2517
4440	7800
6744	7969
7509	3322
6745	1570
6708	7590
5477	9588
3704	8166
2896	6440
2192	2021
4600	6382
3984	5581
233	679
2734	5218
2089	4925
3824	514
6887	4030
1075	8467
5959	97
3111	9431
6462	4307
7675	6362
5748	1787
9382	2243
9602	6038
6094	7345
6932	3558
6701	2602
8969	6813
7209	7010
9586	7168
55	3087
2220	5099
4828	3062
5735	3697
1917	1907
6344	3918
8188	2173
9915	629
315	8843
4886	9489
9245	1633
2279	8978
2888	322
4294	226
143	6668
4898	81
1895	1424
886	1036
3075	7445
6226	7061
7109	2001
6606	1324
8867	1160
4020	1802
4499	9145
952	6574
3753	2975
7764	7189
1344	6827
1935	8776
3245	40
5748	471
6628	3615
7858	8355
9848	2231
9772	7081
1576	8364
4622	1244
8460	8452
7384	4929
8194	3229
1013	5445
8920	9362
3253	2360
1249	566
1197	2278
3675	645
492	3703
4595	3108
8162	9248
2842	4512
6990	7155
5581	8788
5864	2744
6479	477
1512	1701
2020	774
5289	7458
6300	963
6042	2660
488	4077
2331	531
4022	2335
4524	2094
8506	2388
5287	5938
9690	4166
6199	1529
9870	8690
8932	652
5398	7132
982	5570
5029	6299
5425	2488
7166	6603
7646	9047
759	794
688	7036
3337	806
6977	9789
3641	3587
5875	4255
2776	2929
4298	4937
6534	4010
8810	5021
4163	7523
5455	8282
8039	2668
4805	4604
9651	2508
1307	6367
3317	151
7805	3454
8821	2792
2471	4174
9950	3991
5808	9602
3925	4529
3355	648
1385	4146
3485	413
1655	1722
5978	9577
7216	5912
4122	3923
873	7612
626	9414
8109	9653
5898	6814
2369	2856
3251	6856
3050	8146
5966	4537
1548	1027
675	5200
1955	9469
512	10
9049	9611
9312	7646
3822	1090
3398	4092
1660	988
4501	5395
7198	7832
3904	3162
7605	1658
2043	2360
3517	6551
7885	5408
8747	8457
8355	9110
1678	5518
4113	6072
2043	7900
8467	4366
4772	6649
9565	3361
5544	9998
5966	8648
2710	7844
1287	4109
2263	6163
9187	8711
5571	9818
8393	8720
2108	6837
758	2908
8980	9027
5340	4083
5011	1916
4620	5878
3213	5196
7959	8238
2630	2741
6479	8792
3297	9374
1824	5268
1337	3981
5965	9985
5935	6140
9705	917
8662	3020
3128	3027
1230	8304
7277	5010
3370	6178
667	7622
4289	6379
584	6850
7492	3875
4409	7775
6363	7656
6892	1785
4795	5933
790	3313
7129	3034
8679	4546
352	8015
7584	9864
113	2449
379	5418
2706	8393
2965	8495
125	5076
5154	3838
7717	3755
4726	639
18	8455
2641	9538
9583	952
5182	5776
6042	2381
468	8999
3354	4743
9810	8775
2519	6678
8994	7178
2489	9480
5366	2927
6992	5102
4890	2380
1724	2238
7089	393
4739	2410
2826	4369
5233	5390
1653	1907
7142	1439
4542	2161
140	6913
6405	5430
620	9120
5585	6346
8217	7899
9584	5531
237	6310
7829	1713
4233	3443
8521	4641
8648	5797
7650	7649
6060	9163
8690	9472
6522	9269
2098	8703
6869	2570
5752	7240
251	3865
3910	2402
3346	7514
3468	2040
4884	7939
2518	7800
3524	3570
1653	1857
7542	1106
6	4451
6667	2716
6534	2269
6246	7553
6780	2781
7527	9274
1310	8926
5981	619
6063	6762
3563	3608
3208	9787
3964	7841
7681	8566
5409	9906
2334	1834
4746	8837
5222	8059
7245	2890
4105	4073
6908	8296
3281	781
7460	3502
9372	1487
3594	1334
3063	8029
6340	9966
9139	9563
7456	1371
1775	952
8564	4665
4308	4264
3672	1344
391	175
5204	1252
9546	6146
4653	4386
6674	7121
1242	6544
3905	9535
3406	3483
5219	2893
1272	5930
2395	9440
5254	3671
2105	5152
3629	7515
9658	8735
8195	6140
2758	8511
1633	5314
2410	319
1476	1529
998	4598
2582	3936
7423	4760
3798	3956
4957	3560
9085	2541
3282	8552
8407	2233
1857	1034
4028	1950
7745	9205
3240	7432
3078	842
3207	9611
8041	3077
2677	2968
4168	5041
6328	3557
4324	5527
8810	8252
3680	6530
1123	4421
3089	9396
661	2256
2678	3234
8539	4880
6846	9521
1297	4516
3306	4051
5499	3813
1730	1566
2485	6876
1004	7530
6711	3730
1773	9641
521	7971
6947	8504
7944	9934
388	3829
2572	1297
3808	2795
3343	4686
6217	7882
1019	6001
8193	897
436	1198
1216	3684
2282	6606
9574	7986
752	5608
8110	1874
5153	6404
581	5941
7936	4081
9803	2932
2922	4314
3993	7997
846	1285
6584	1495
6478	6025
9724	2177
9105	8598
9928	2893
890	123
8720	3784
8353	3607
532	9861
1029	9356
